# Camera parameter file. 

# The format of each camera is as follows:
# Filename (of the undistorted image in visualize folder)
# Original filename
# Focal Length (of the undistorted image)
# 2-vec Principal Point (image center)
# 3-vec Translation T (as in P = K[R T])
# 3-vec Camera Position C (as in P = K[R -RC])
# 3-vec Axis Angle format of R
# 4-vec Quaternion format of R
# 3x3 Matrix format of R
# [Normalized radial distortion] = [radial distortion] * [focal length]^2
# 3-vec Lat/Lng/Alt from EXIF

# The nubmer of cameras in this reconstruction
36

00000000.jpg
/home/mar/UGR/EV/A2/Ferrero/IMG_20200426_101553.jpg
3110.30419922
2000 1500
0.0263876664917 -0.332261548993 0.546225032058
0.548028441111 0.00174892549166 -0.330329415511
0.494934268249 1.04461189985 0.282356086191
0.828172101527 0.233123835068 0.492032877643 0.132995304408
0.48043136621 0.00912308317675 0.876984189618
0.449695086155 0.855930896376 -0.255256990839
-0.752967419572 0.517009634777 0.407113856403
-0.027264704521
0 0 0

00000001.jpg
/home/mar/UGR/EV/A2/Ferrero/IMG_20200426_101557.jpg
3139.50610352
2000 1500
-2.67185305743 -0.597911902673 1.18336628369
1.74466174745 -0.0689185089803 2.41827546629
0.459649994903 1.37109678179 0.372183370303
0.733995611685 0.209060520412 0.623609724607 0.169278472636
0.16491180913 0.012244918278 0.986232406977
0.509243542549 0.855276655333 -0.0957713203163
-0.844674798085 0.518026697921 0.134809767431
-0.0404850043997
0 0 0

00000002.jpg
/home/mar/UGR/EV/A2/Ferrero/IMG_20200426_101555.jpg
3143.7109375
2000 1500
-1.1663242817 -0.405378411113 0.841957963864
1.27228445438 -0.0752092007318 0.780494890934
0.478568866002 1.19435253984 0.32252498774
0.788003994957 0.222123431499 0.554347980858 0.149697069973
0.34057842675 0.0103436269151 0.94015936336
0.482191183604 0.856503830463 -0.184099817925
-0.807154330689 0.516036787654 0.286718927059
-0.0456670134052
0 0 0

00000003.jpg
/home/mar/UGR/EV/A2/Ferrero/IMG_20200426_101559.jpg
3132.58203125
2000 1500
-3.87617512544 -0.904683652344 1.70264328064
1.90813520079 -0.0541174744708 3.88564820463
0.436679865434 1.53631610687 0.417376913118
0.678260971114 0.194378761016 0.683858462502 0.185786462052
-0.00435753255392 0.0138319329123 0.999894543036
0.517878757598 0.855400772325 -0.00957546935639
-0.855443476489 0.517782639486 -0.0108914600233
-0.0249198510299
0 0 0

00000004.jpg
/home/mar/UGR/EV/A2/Ferrero/IMG_20200426_101602.jpg
3145.75439453
2000 1500
-5.05671052232 -1.38267351091 2.54463490178
1.91588963665 -0.0572176823188 5.50303758495
0.406654383465 1.71101327903 0.464843712507
0.614112409632 0.176430271879 0.742336859706 0.201676179856
-0.183477166566 0.0142380338408 0.982920270506
0.509645412947 0.856399066356 0.0827270954582
-0.840592840183 0.51611917304 -0.164385693134
-0.0335937514802
0 0 0

00000005.jpg
/home/mar/UGR/EV/A2/Ferrero/IMG_20200426_101604.jpg
3158.69921875
2000 1500
-6.14788833942 -1.91533311248 3.50636092174
1.65237841972 -0.0757026109707 7.1430730828
0.376893697436 1.86949193853 0.508623119812
0.551293728499 0.159313155488 0.790235182794 0.214995248588
-0.341388967411 0.0147387386461 0.939806688954
0.488840867461 0.856792460688 0.164137259294
-0.802800112299 0.515450633246 -0.299704392949
-0.0481024728334
0 0 0

00000006.jpg
/home/mar/UGR/EV/A2/Ferrero/IMG_20200426_101607.jpg
3165.44726562
2000 1500
-7.06949736481 -2.55552676922 4.59139436238
0.827529115664 -0.064283282108 8.76929238638
0.335516581514 2.05884179386 0.56045551829
0.47133769005 0.136996617337 0.840656995602 0.228842669495
-0.51814528839 0.0146097917301 0.855167841604
0.446058492629 0.857725853099 0.255612164985
-0.729765464121 0.513898841626 -0.450943692463
-0.0503151090453
0 0 0

00000007.jpg
/home/mar/UGR/EV/A2/Ferrero/IMG_20200426_101610.jpg
3140.65893555
2000 1500
-7.62958417462 -3.22114212807 5.6069039216
-0.257175403165 -0.0109772783399 9.99786928399
0.29124223768 2.23520167417 0.610160421929
0.392351411511 0.114716882175 0.880419574906 0.240334993261
-0.665800561298 0.0134080737962 0.746009336504
0.390591169163 0.858158278375 0.333172270724
-0.635726115243 0.513209593307 -0.576599196618
-0.0391339588458
0 0 0

00000008.jpg
/home/mar/UGR/EV/A2/Ferrero/IMG_20200426_101613.jpg
3140.40600586
2000 1500
-8.03963113243 -4.09289067922 7.05341961903
-1.61665277249 -0.00444930265438 11.3368722282
0.2350768433 2.43139059193 0.665143371076
0.300257572339 0.0885700759085 0.916076829462 0.250606559282
-0.804001574644 0.011780236221 0.594510728872
0.31276630463 0.858702306128 0.40596257297
-0.505725290689 0.512337916867 -0.694082292496
-0.0407826866344
0 0 0

00000009.jpg
/home/mar/UGR/EV/A2/Ferrero/IMG_20200426_101615.jpg
3119.76513672
2000 1500
-7.99367082643 -4.89033097319 8.24194372579
-2.96697784915 0.0345685957301 12.1218621731
0.181008768919 2.60282486752 0.718068704565
0.216020946533 0.065309393077 0.939119764192 0.259084858501
-0.898138844694 0.0107325845115 0.439581120649
0.234603609975 0.857217603399 0.458408270874
-0.371897040825 0.514841058514 -0.772418561341
-0.0266797314092
0 0 0

00000010.jpg
/home/mar/UGR/EV/A2/Ferrero/IMG_20200426_101619.jpg
3135.19238281
2000 1500
-7.54699815718 -5.87721948441 9.96921696672
-4.74589478428 0 12.9753905829
0.101980397443 2.81826729509 0.776522228291
0.10805638116 0.0346602732478 0.957849910204 0.263918098874
-0.974244800225 0.00936227123516 0.225298407976
0.123434409982 0.858289171189 0.498098779044
-0.188708771987 0.513079833833 -0.837339644927
-0.0362189778516
0 0 0

00000011.jpg
/home/mar/UGR/EV/A2/Ferrero/IMG_20200426_101621.jpg
3139.23657227
2000 1500
-6.85300895542 -6.70118444517 11.2720312357
-6.42271295542 0.000704305995175 13.3295689251
0.0277922193436 2.99949375382 0.831942134808
0.0144178557097 0.00892756485066 0.963513373122 0.26724088741
-0.99942468607 0.00950786154317 0.0325580206104
0.0249200237609 0.857011225376 0.514692939062
-0.0230091665419 0.51520780443 -0.856755041053
-0.035724373674
0 0 0

00000012.jpg
/home/mar/UGR/EV/A2/Ferrero/IMG_20200426_101624.jpg
3139.16381836
2000 1500
-5.81024664236 -7.47960784335 12.5578461017
-8.30666634325 -0.0413798540124 13.3566669856
0.0574103300754 -2.85764891365 -0.798080060179
0.0868835646352 0.0192725140517 -0.959306082561 -0.267913616835
-0.984159653451 0.00957414721985 -0.177023433547
-0.08353501296 0.855697604118 0.510690205275
0.156368294569 0.517388064157 -0.841342935452
-0.0450323590337
0 0 0

00000013.jpg
/home/mar/UGR/EV/A2/Ferrero/IMG_20200426_101626.jpg
3147.79052734
2000 1500
-4.74896505234 -7.92857839463 13.3610939523
-9.63301635019 -0.0423278024903 13.081932083
0.11509180696 -2.70811196055 -0.753727764139
0.163363290964 0.0403589464725 -0.949646621636 -0.264307766914
-0.943366805592 0.00970241028977 -0.331609436659
-0.163010336232 0.857025565762 0.488809537367
0.288940152793 0.515182218629 -0.806908500831
-0.0421823661655
0 0 0

00000014.jpg
/home/mar/UGR/EV/A2/Ferrero/IMG_20200426_101629.jpg
3139.47631836
2000 1500
-3.30415080174 -8.44579018006 14.1744543914
-11.3018944108 -0.0369914693982 12.4671705304
0.180148808662 -2.51773887895 -0.702892223592
0.257743805025 0.0664303689936 -0.928423140848 -0.259193441926
-0.858309955216 0.0102599620057 -0.513027245207
-0.256962053832 0.856810158964 0.447040235252
0.444154006775 0.515528299547 -0.732772727632
-0.0412856404729
0 0 0

00000015.jpg
/home/mar/UGR/EV/A2/Ferrero/IMG_20200426_101631.jpg
3109.16455078
2000 1500
-1.82391463424 -8.80208689263 14.5503048952
-12.5467830926 0.00379438286333 11.622954631
0.232680477644 -2.34699439098 -0.661200192493
0.339214331628 0.0893614808305 -0.90136867692 -0.253935478064
-0.753896089746 0.0111826377 -0.656898245909
-0.333371576172 0.855061917205 0.397153886548
0.56613044726 0.518404666521 -0.640900376331
-0.0319324256852
0 0 0

00000016.jpg
/home/mar/UGR/EV/A2/Ferrero/IMG_20200426_101634.jpg
3123.78222656
2000 1500
-0.309644181699 -8.9728367574 14.8263328728
-13.6380913653 -0.00658734048086 10.6972166051
0.277109079103 -2.18325073006 -0.61665715471
0.415080835987 0.110306855107 -0.869071207351 -0.245468360819
-0.631080829526 0.0120486093207 -0.775623675606
-0.395508240347 0.855155557399 0.335086459682
0.667315537511 0.518231506214 -0.534906326259
-0.0367670939743
0 0 0

00000017.jpg
/home/mar/UGR/EV/A2/Ferrero/IMG_20200426_101636.jpg
3122.72460938
2000 1500
1.65268942765 -8.98518861223 14.8296921681
-14.9222357029 0.000789653345946 8.98395702285
0.331062729331 -1.95657795568 -0.553700115789
0.514737560871 0.137771736247 -0.814229806543 -0.230422272138
-0.432128267659 0.0128582318668 -0.901720636519
-0.461569761456 0.855848979065 0.233400494806
0.774738021916 0.517065644697 -0.363901685118
-0.0323899541699
0 0 0

00000018.jpg
/home/mar/UGR/EV/A2/Ferrero/IMG_20200426_101639.jpg
3126.04589844
2000 1500
3.0451688786 -8.90811559101 14.6615217599
-15.6454783417 -0.000754636671444 7.66857760493
0.365944400867 -1.7957295394 -0.509935644529
0.580762977503 0.156605891685 -0.768482384419 -0.21822693864
-0.276377815484 0.0127783228694 -0.960963393937
-0.494174183754 0.85570288399 0.153505631352
0.824261076998 0.517309247151 -0.230182524353
-0.0365998779027
0 0 0

00000019.jpg
/home/mar/UGR/EV/A2/Ferrero/IMG_20200426_101641.jpg
3118.12915039
2000 1500
4.18457050423 -8.70716505479 14.2726778575
-15.9332289297 0.0180299934074 6.57015042661
0.391338774227 -1.66620913528 -0.474034526015
0.630972229916 0.17094930559 -0.727853495242 -0.207073457538
-0.145300897063 0.0124633442803 -0.98930880616
-0.510167060757 0.855793491504 0.0857098385576
0.847712565619 0.51716689676 -0.117988774742
-0.0281212117187
0 0 0

00000020.jpg
/home/mar/UGR/EV/A2/Ferrero/IMG_20200426_101644.jpg
3129.78637695
2000 1500
5.52050042633 -8.34645161397 13.7130761488
-16.2978764347 0.00280829579182 4.75048854852
0.423485900291 -1.47933442001 -0.421314348373
0.698357312649 0.189990648155 -0.663681376647 -0.189016413698
0.0475989382555 0.0118150262844 -0.998796638251
-0.516188952582 0.856352678265 -0.0144694683668
0.855150332351 0.51625596553 0.0468601280027
-0.0328564922402
0 0 0

00000021.jpg
/home/mar/UGR/EV/A2/Ferrero/IMG_20200426_101646.jpg
3130.92504883
2000 1500
6.55200076604 -7.90441155383 13.0124475722
-16.216498843 0.0298100666206 3.42881048665
0.443282476533 -1.33410511334 -0.378405011402
0.746553437402 0.202579400545 -0.609683956465 -0.172930500147
0.196760749787 0.0111853291842 -0.980387730167
-0.505222108082 0.85811335246 -0.0916068691349
0.840258883546 0.513338522162 0.174494037342
-0.0330532485327
0 0 0

00000022.jpg
/home/mar/UGR/EV/A2/Ferrero/IMG_20200426_101648.jpg
3131.20385742
2000 1500
7.21843602011 -7.45701461944 12.2488816574
-15.9342008843 0.0362284003269 1.96168617531
0.46238527161 -1.19260940856 -0.339188285556
0.78897422246 0.214689014722 -0.553737661196 -0.157487712742
0.337143420335 0.0107442513417 -0.941391290803
-0.486270731488 0.858212133433 -0.164354807115
0.806147671954 0.513181586729 0.294565741059
-0.0356191572547
0 0 0

00000023.jpg
/home/mar/UGR/EV/A2/Ferrero/IMG_20200426_101651.jpg
3134.67382812
2000 1500
8.06899296933 -6.68106775157 10.9920202768
-15.1774811648 0.0107581847333 0.462317452311
0.484056934422 -1.01205188033 -0.288954621609
0.836881335615 0.228719720592 -0.478200407502 -0.13653274154
0.505366320474 0.00977547018857 -0.862849376206
-0.447271342194 0.8580920068 -0.252242548626
0.737938606681 0.513402512377 0.438023152329
-0.0336779649297
0 0 0

00000024.jpg
/home/mar/UGR/EV/A2/Ferrero/IMG_20200426_101653.jpg
3140.93652344
2000 1500
8.58485233064 -5.94089182968 9.76929688857
-14.2733219778 -0.000337172674699 -0.839876918894
0.500890117428 -0.843789660131 -0.242328326992
0.874995364685 0.239919802312 -0.404164189724 -0.116072093027
0.646356752873 0.00919098990631 -0.762979432059
-0.397059183565 0.85793126975 -0.326032926072
0.651587738262 0.513681933603 0.558179530259
-0.0309275730761
0 0 0

00000025.jpg
/home/mar/UGR/EV/A2/Ferrero/IMG_20200426_101655.jpg
3111.46240234
2000 1500
8.88002307435 -5.12966073301 8.25652189428
-13.0031302897 0.0464219435525 -2.062714563
0.51899943973 -0.653815586361 -0.191095121681
0.90972292267 0.251642724034 -0.317009851212 -0.0926546221216
0.781840039135 0.00903338608644 -0.623414163056
-0.328126748455 0.856181975716 -0.399105263874
0.530150350383 0.516595353635 0.672361169274
-0.0253059935961
0 0 0

00000026.jpg
/home/mar/UGR/EV/A2/Ferrero/IMG_20200426_101658.jpg
3127.98046875
2000 1500
9.03089599075 -4.28152232274 6.94965639936
-11.8177049627 0.0117289215553 -2.92028189347
0.52785202347 -0.478100447046 -0.141552973798
0.934815006552 0.258166024293 -0.233833131519 -0.0692318431067
0.881057822874 0.00870255190983 -0.472928091836
-0.25017331156 0.857114037344 -0.450297252746
0.401434789657 0.51505264202 0.757344525681
-0.0271414871595
0 0 0

00000027.jpg
/home/mar/UGR/EV/A2/Ferrero/IMG_20200426_101701.jpg
3130.37329102
2000 1500
8.91775803884 -3.7714890973 6.07512475693
-10.8701762281 8.881784197e-16 -3.53509354889
0.536664992303 -0.349920637348 -0.107056530462
0.947722726863 0.263640096727 -0.171900742549 -0.0525922026795
0.935368763313 0.00904611355585 -0.353559315863
-0.190325189385 0.855456219481 -0.481633859046
0.298097646051 0.517796986477 0.801888485257
-0.0317880605813
0 0 0

00000028.jpg
/home/mar/UGR/EV/A2/Ferrero/IMG_20200426_101703.jpg
3138.66894531
2000 1500
8.54467208105 -2.95539721513 4.78178388538
-9.35858015228 -0.027900946624 -4.12642893487
0.542162374566 -0.159885764217 -0.0544979423984
0.959960875611 0.26745348564 -0.0788730589769 -0.0268843160987
0.986112725674 0.00942605472997 -0.165810658077
-0.0938055117594 0.855491572711 -0.509249007429
0.137049544953 0.517730521612 0.84449523243
-0.0379995730451
0 0 0

00000029.jpg
/home/mar/UGR/EV/A2/Ferrero/IMG_20200426_101705.jpg
3142.81103516
2000 1500
7.85580402979 -2.26550838558 3.65956584428
-7.85577615733 -0.0436281949644 -4.30389208642
0.545458001003 0.00283794729885 -0.0101466051076
0.963025629477 0.269359313485 0.00140144160452 -0.00501061966453
0.999945759975 0.0104054260145 -5.55111512313e-17
-0.00889599461145 0.854840659595 -0.518813797683
-0.00539849673348 0.518785892016 0.854887032546
-0.0433287999726
0 0 0

00000030.jpg
/home/mar/UGR/EV/A2/Ferrero/IMG_20200426_101708.jpg
3125.55493164
2000 1500
7.21340433614 -1.74068549085 2.73393772065
-6.67742945326 8.881784197e-16 -4.23668698317
0.541906007964 0.142752236328 0.0279227699634
0.960904937948 0.26741273953 0.0704435197792 0.0137789659119
0.989695735558 0.0111942991791 0.142748540113
0.0641554047173 0.856601127496 -0.511975203386
-0.128009563897 0.515857684154 0.847056336041
-0.0346247435445
0 0 0

00000031.jpg
/home/mar/UGR/EV/A2/Ferrero/IMG_20200426_101710.jpg
3132.1105957
2000 1500
6.60087080918 -1.42628900672 2.25490857566
-5.72621016538 -0.0171895144626 -4.23091152235
0.540884449836 0.249147505868 0.057414210809
0.955591767236 0.266426958852 0.122724201655 0.0282808899116
0.968277967884 0.0113440711845 0.2496182352
0.119444013463 0.856433640463 -0.502249266624
-0.21947871177 0.516132367169 0.827910894092
-0.0408584906564
0 0 0

00000032.jpg
/home/mar/UGR/EV/A2/Ferrero/IMG_20200426_101541.jpg
3124.24462891
2000 1500
5.0310582254 -1.08519573618 1.74639840023
-3.94144720239 -0.00378505770288 -3.7422023304
0.531338714515 0.365007567026 0.0909238831768
0.947488885579 0.261002673243 0.179297965958 0.0446633680597
0.931714833832 0.00895836783604 0.363080179067
0.178230547152 0.859765892949 -0.47857815613
-0.316451140742 0.510610371885 0.799460026404
-0.0413808547969
0 0 0

00000033.jpg
/home/mar/UGR/EV/A2/Ferrero/IMG_20200426_101544.jpg
3118.78979492
2000 1500
3.80031826411 -0.715583723391 1.13183296731
-2.54317864613 0.00237596347722 -3.12534173914
0.524822679255 0.538216257807 0.138406866706
0.927850675742 0.256069517421 0.26260446214 0.067530960391
0.852956948835 0.00917282035375 0.521900737966
0.259807409283 0.859736097327 -0.439720770374
-0.452730172631 0.510656328728 0.730934459738
-0.0375680705826
0 0 0

00000034.jpg
/home/mar/UGR/EV/A2/Ferrero/IMG_20200426_101548.jpg
3098.20532227
2000 1500
2.56570715064 -0.504709058375 0.717081308147
-1.35072559182 0.0433857207444 -2.3506270525
0.516333483055 0.70566521901 0.184748933065
0.901813252745 0.249660581981 0.341207368965 0.0893308833593
0.75119506932 0.00925244520499 0.660015449246
0.331491543176 0.859379167102 -0.389333724244
-0.570805859822 0.511255161829 0.642494334882
-0.029578120214
0 0 0

00000035.jpg
/home/mar/UGR/EV/A2/Ferrero/IMG_20200426_101550.jpg
3119.99047852
2000 1500
1.59398981255 -0.402407616643 0.643032997963
-0.465803416478 0.00149898915432 -1.70271901242
0.507193675821 0.841038021565 0.22179179465
0.875931185697 0.243019606394 0.402979648025 0.106270557396
0.652627909981 0.00969251395366 0.757616507455
0.382035295333 0.859296119802 -0.340087168016
-0.654313256173 0.51138663989 0.557097738525
-0.040116950905
0 0 0

